132,268
285,281
29,32
141,273
241,211
92,88
102,281
60,284
41,42
25,34
85,48
136,279
263,91
122,115
106,107
231,287
248,227
289,228
55,61
96,99
297,89
206,230
118,117
90,284
272,32
29,45
48,58
227,289
125,278
124,282
196,158
270,107
60,297
154,161
66,48
217,217
236,230
136,292
84,102
122,128
78,58
212,287
64,123
22,126
71,284
90,297
98,121
184,161
277,123
10,8
208,289
263,225
175,112
240,241
45,2
243,246
284,284
110,131
196,171
3,5
283,59
258,231
225,54
87,120
128,121
147,134
77,75
80,80
290,75
205,233
149,72
135,137
179,180
156,196
216,247
147,147
274,188
67,124
193,263
265,139
176,296
209,244
295,247
80,93
267,185
33,18
211,253
202,204
288,244
246,247
89,263
264,264
9,11
135,150
28,24
88,75
148,89
179,193
104,19
238,248
150,135
21,21
241,253
174,263
153,140
232,204
39,38
74,261
146,137
46,199
95,91
227,210
53,94
180,135
273,97
28,37
162,266
160,156
220,207
250,86
150,148
169,161
81,48
134,140
153,153
172,166
254,205
23,43
231,221
83,94
13,35
51,290
16,269
164,167
208,210
120,97
111,277
78,100
157,164
201,207
8,41
220,220
131,111
291,100
4,43
231,234
243,288
275,277
127,113
187,164
57,54
31,1
50,51
91,52
27,296
219,237
112,111
115,116
249,116
194,180
64,70
105,108
108,113
127,126
223,63
214,243
167,168
258,286
142,111
276,111
193,76
12,1
163,170
209,286
135,71
140,186
126,22
244,243
42,1
47,79
66,129
0,4
38,296
19,17
79,68
115,250
63,60
207,253
174,76
210,258
292,297
163,183
66,250
162,187
195,135
107,22
286,253
74,74
198,140
151,28
269,20
155,184
260,200
26,33
86,84
72,149
77,264
237,253
89,89
47,92
146,71
290,264
141,141
34,15
144,146
93,100
46,254
137,143
95,146
7,33
67,84
199,203
218,216
19,272
41,31
294,211
25,23
178,265
2,39
255,256
296,28
72,283
287,208
180,82
273,273
185,160
37,33
245,211
264,224
229,203
248,216
150,95
141,275
48,47
144,280
240,217
50,93
41,44
159,265
85,50
103,104
20,106
106,109
180,95
166,160
78,47
298,50
129,278
55,63
206,232
118,119
272,34
291,47
62,224
268,292
83,283
196,160
154,163
236,232
15,4
235,236
254,286
92,224
212,289
215,294
209,220
98,123
184,163
277,125
10,10
122,251
54,53
221,230
205,222
45,4
22,249
3,7
297,225
22,20
242,289
154,176
283,61
258,233
225,56
216,236
128,123
147,136
40,10
58,64
77,77
168,195
61,69
228,246
121,120
140,133
290,77
205,235
130,61
135,139
176,177
195,190
46,67
137,185
40,23
89,144
190,196
262,72
267,187
32,24
202,206
21,131
288,246
53,83
56,88
9,13
28,26
179,195
5,271
46,80
137,198
104,21
169,150
21,23
232,206
39,40
171,196
23,32
83,83
74,263
146,139
46,201
261,89
32,37
178,91
35,271
164,156
62,145
97,102
138,140
157,153
229,258
14,104
160,158
104,34
150,150
134,142
153,155
213,206
106,43
116,273
215,215
187,153
16,271
164,169
76,56
48,223
120,99
180,150
69,282
270,43
261,223
62,279
222,231
282,282
122,64
249,105
194,169
254,220
78,223
4,45
110,175
96,277
215,228
187,166
99,282
76,298
57,56
236,287
291,223
194,290
207,229
119,116
200,226
219,239
112,113
115,118
87,285
1,16
59,223
188,108
105,110
110,188
140,296
214,245
167,170
79,57
230,226
276,113
147,191
293,245
119,129
251,285
182,185
278,122
135,73
181,189
52,75
112,126
244,245
288,288
119,250
70,65
256,255
47,81
0,6
19,19
115,252
63,62
82,75
26,143
174,78
74,76
151,30
51,92
197,146
95,135
269,22
86,86
259,243
292,191
130,129
42,16
264,92
148,146
146,73
192,189
266,138
151,151
156,266
197,267
250,130
81,92
34,17
130,250
204,199
248,205
74,89
46,256
197,159
257,210
95,148
7,35
180,192
218,218
190,156
262,261
93,223
41,33
294,213
25,25
137,266
44,38
233,203
145,90
2,41
255,258
134,197
263,82
296,30
34,30
287,210
273,275
166,149
185,162
226,200
245,213
97,49
229,205
206,221
247,259
49,274
272,23
81,226
296,151
240,219
92,92
102,285
284,262
110,109
159,267
85,52
236,221
222,286
103,106
263,95
34,272
120,275
122,119
87,98
106,111
166,162
298,52
289,232
228,222
159,159
250,277
224,224
243,237
196,162
96,224
173,178
219,294
258,222
203,286
15,6
276,276
78,291
18,11
100,50
168,184
291,291
184,165
10,12
54,55
221,232
45,6
3,9
283,63
65,69
225,58
189,135
156,187
216,238
109,112
128,125
73,189
147,138
58,66
77,79
295,238
121,122
267,176
33,9
246,238
116,128
198,197
137,187
68,87
40,25
260,257
39,29
135,262
61,84
262,74
281,87
52,264
60,88
280,128
13,13
32,26
16,18
183,195
204,254
116,141
28,28
239,211
82,264
150,139
134,131
199,260
39,42
23,34
234,254
261,91
164,158
153,265
180,139
226,255
152,40
157,155
229,260
96,145
160,160
146,262
8,32
11,37
123,278
134,144
153,157
20,271
56,224
4,34
212,212
215,217
38,32
164,171
227,227
39,176
248,286
289,287
182,161
297,148
242,212
8,45
261,225
206,289
145,279
203,220
222,233
249,107
194,171
254,222
96,279
256,231
127,117
57,58
98,59
236,289
277,61
175,279
119,118
91,56
145,292
219,241
286,231
112,115
272,104
84,282
203,233
263,284
115,120
87,58
221,287
188,110
186,185
131,249
216,293
293,247
91,298
31,18
265,185
278,124
281,129
52,77
244,247
119,252
26,24
246,293
70,67
237,244
130,118
223,80
281,250
47,83
181,83
0,8
167,185
19,21
146,62
280,62
170,190
82,77
197,27
155,296
81,81
141,132
144,137
165,196
137,134
197,148
21,188
269,24
260,204
26,37
259,245
70,80
264,94
148,148
266,140
44,27
49,142
282,84
180,73
248,207
74,91
46,258
247,248
192,83
95,150
136,151
296,140
180,194
199,207
6,41
259,258
83,261
262,263
69,97
148,161
294,215
233,205
44,40
236,210
282,97
273,277
185,164
226,202
245,215
224,92
229,207
36,41
55,54
132,274
99,97
57,100
272,25
29,38
92,94
251,87
110,111
25,269
154,154
25,40
103,108
122,121
120,277
268,175
106,113
166,164
78,51
298,54
17,41
289,234
297,95
113,274
112,49
184,154
277,116
10,1
221,221
207,286
205,213
243,239
196,164
108,280
173,180
249,175
142,49
276,278
128,114
276,49
100,52
119,65
64,129
58,55
237,286
184,167
54,57
205,226
64,250
193,135
246,227
279,175
88,55
179,173
198,186
225,60
109,114
235,253
147,140
86,130
58,68
144,71
295,240
80,86
121,124
33,11
253,243
280,117
183,184
35,20
54,70
95,71
288,237
86,251
177,140
130,65
9,4
195,194
88,68
65,84
285,87
257,254
109,127
21,14
260,259
67,130
39,31
83,74
295,253
102,87
162,138
60,90
13,15
211,259
16,20
67,251
227,203
139,90
39,152
204,256
56,92
28,30
148,95
220,200
30,39
104,25
90,90
40,269
48,93
134,133
39,44
157,265
28,151
234,256
261,93
252,273
164,160
208,203
153,267
226,257
157,157
160,162
60,224
8,34
187,265
201,200
219,217
71,90
291,93
222,222
134,146
4,36
138,265
284,90
127,106
247,208
57,47
76,60
59,93
279,96
289,289
242,214
85,230
52,53
62,283
203,222
222,235
115,109
249,109
194,173
1,7
240,289
152,176
243,294
256,233
108,106
223,56
214,236
233,286
167,161
79,48
98,61
82,53
174,56
119,120
163,163
182,176
200,230
286,233
112,117
203,235
115,122
189,71
188,112
86,64
177,182
237,233
297,284
223,69
66,122
186,187
230,230
216,295
101,79
142,117
174,298
265,187
295,295
181,193
107,15
93,80
51,83
269,13
155,177
274,128
7,13
205,294
67,64
26,26
70,69
130,120
42,7
135,198
264,83
47,85
148,137
0,10
19,23
192,180
169,196
274,249
34,8
72,263
60,145
93,93
137,136
257,201
95,139
269,26
81,204
155,190
7,26
26,39
158,195
259,247
148,150
220,255
132,142
192,193
44,29
90,145
2,32
114,273
282,86
185,153
37,26
14,271
248,209
146,198
99,86
159,137
178,150
29,27
208,258
6,43
92,83
259,260
83,263
69,99
201,255
41,37
44,42
71,145
2,45
62,96
282,99
185,166
97,282
226,204
224,94
284,145
229,209
36,43
55,56
132,276
99,99
159,150
29,40
15,105
221,210
124,277
91,100
110,113
196,153
25,271
154,156
57,223
217,212
117,274
84,97
139,292
87,102
166,166
4,104
78,53
298,56
17,43
215,287
289,236
113,276
173,290
90,292
272,269
184,156
277,118
274,49
78,174
243,241
251,102
110,126
196,166
3,0
283,283
66,285
195,170
85,298
258,226
276,280
128,116
59,282
100,54
298,298
58,57
61,62
80,75
281,65
33,0
184,169
10,16
161,185
54,59
73,72
246,229
116,119
88,57
98,250
225,62
101,255
216,242
109,116
67,119
58,70
295,242
253,245
32,17
211,248
183,186
128,250
202,199
288,239
95,73
246,242
53,76
72,89
9,6
88,70
5,35
65,86
137,191
104,14
238,243
257,256
241,248
20,20
39,33
171,189
23,25
83,76
28,140
132,197
280,132
13,17
32,30
35,35
227,205
287,256
204,258
56,94
220,202
165,266
239,215
30,41
291,82
296,197
254,200
157,267
215,208
261,95
32,272
118,275
252,275
164,162
16,35
208,205
152,44
138,146
160,164
201,202
8,36
187,267
104,269
11,41
219,219
263,262
194,162
180,264
268,111
138,267
212,216
127,108
13,272
187,159
283,96
76,291
175,270
207,222
210,227
242,216
94,52
145,283
43,6
115,111
189,60
249,111
1,9
193,179
224,283
64,65
105,103
96,283
256,235
108,108
223,58
167,163
79,50
98,63
170,168
293,238
119,122
279,111
31,9
251,278
91,60
163,165
75,52
228,294
200,232
286,235
244,238
115,124
114,128
274,117
193,192
86,66
177,184
70,58
237,235
89,71
168,135
181,74
63,55
230,232
271,4
147,197
292,292
278,128
209,294
162,182
286,248
165,187
198,135
51,85
101,202
202,254
288,294
269,15
174,192
26,28
67,66
72,144
158,184
130,122
42,9
148,139
19,25
63,297
81,85
232,254
125,128
192,74
137,138
197,152
257,203
26,270
227,260
260,208
139,147
218,211
69,88
41,26
220,257
294,206
5,103
132,144
25,18
44,31
90,147
150,198
95,262
114,275
263,75
34,23
254,255
287,203
180,77
37,28
248,211
206,214
266,265
159,139
269,270
35,103
272,16
208,260
29,29
240,212
102,278
143,279
243,217
201,257
44,44
71,147
145,96
76,225
236,214
84,86
56,283
185,168
226,206
224,96
17,32
229,211
36,45
55,58
96,96
159,152
29,42
249,274
15,107
161,161
50,101
143,292
196,155
270,104
8,104
261,284
217,214
117,276
84,99
120,281
235,231
279,274
64,120
215,289
228,228
176,38
121,102
272,271
184,158
277,120
288,215
54,48
283,56
195,172
66,58
290,180
68,67
128,118
100,56
86,121
110,249
58,59
168,190
209,228
61,64
10,18
204,234
116,121
195,185
88,59
148,73
101,257
104,3
216,244
68,80
290,193
100,298
40,18
295,244
267,182
234,234
13,6
266,186
16,11
128,252
202,201
21,126
246,244
287,245
56,83
264,261
9,8
181,263
179,190
178,194
104,16
238,245
257,258
296,186
172,150
20,22
232,201
23,27
231,205
253,260
60,94
146,134
32,32
109,252
227,207
53,91
254,81
138,135
97,97
129,86
270,25
160,153
220,204
27,38
62,261
134,137
254,202
23,40
83,91
118,277
192,263
85,100
252,277
164,164
150,266
208,207
111,274
59,84
138,148
50,264
298,100
69,277
110,49
160,166
201,204
104,271
200,208
131,108
222,226
263,264
282,277
4,269
45,41
212,218
275,274
127,110
283,98
99,277
38,38
59,97
163,154
242,218
94,54
85,234
200,221
112,108
203,226
115,113
249,113
1,11
240,293
193,181
105,105
96,285
108,110
126,127
167,165
79,52
170,170
230,221
147,186
293,240
119,124
193,73
91,291
31,11
163,167
75,283
278,117
75,54
281,122
188,116
174,181
26,17
193,194
86,68
246,286
177,186
237,237
135,189
264,74
214,253
107,127
181,76
0,1
19,14
65,130
170,183
255,227
293,253
12,11
162,184
14,20
93,84
65,251
244,253
156,140
202,256
269,17
7,17
26,30
67,68
72,146
278,251
130,124
42,11
132,133
250,125
150,187
26,151
232,256
125,130
37,17
262,135
148,262
146,189
151,38
51,100
192,76
136,144
7,30
134,71
260,210
139,149
125,251
199,200
6,34
19,269
294,208
25,20
44,33
90,149
236,203
81,100
34,25
213,256
254,257
37,30
245,208
229,200
36,34
289,214
266,267
57,93
269,272
272,18
81,221
29,31
139,162
166,265
240,214
60,283
85,47
71,149
145,98
84,88
296,267
20,103
106,106
231,286
298,47
284,149
17,34
196,265
289,227
55,60
96,98
132,280
90,283
29,44
249,276
205,206
124,281
196,157
108,273
270,106
154,160
173,173
219,289
217,216
117,278
235,233
279,276
64,122
91,225
58,48
149,166
176,40
80,66
71,283
98,120
184,160
10,7
73,292
54,50
188,279
221,227
288,217
3,4
179,166
65,64
244,295
156,182
68,69
109,107
128,120
147,133
100,58
86,123
177,12
80,79
121,117
281,69
253,236
198,71
280,110
32,8
183,177
116,123
28,10
195,187
88,61
179,179
104,5
216,246
67,123
125,64
295,246
234,236
13,8
16,13
183,190
246,246
53,80
144,198
89,262
264,263
9,10
104,18
238,247
21,249
48,86
20,24
199,255
39,37
146,136
187,137
62,142
227,209
287,260
97,99
138,137
220,206
27,40
173,94
11,32
30,45
122,277
103,35
153,152
254,204
23,271
231,220
55,223
215,212
187,150
140,38
38,27
164,166
43,105
76,53
208,209
15,43
92,263
111,276
59,86
138,150
270,269
182,156
200,210
11,45
112,97
131,110
76,174
115,102
194,166
1,0
4,271
298,223
96,274
256,226
127,112
66,102
126,116
57,282
38,40
277,285
230,210
142,97
276,97
59,99
100,100
265,167
31,0
163,156
94,56
286,226
112,110
84,277
203,228
115,115
271,103
87,282
1,13
89,62
167,167
79,54
65,119
216,288
142,110
174,291
293,242
177,296
251,282
163,169
278,119
94,298
75,56
295,288
61,121
281,124
244,242
192,52
51,76
269,6
155,170
7,6
205,287
246,288
86,70
72,135
89,75
42,0
264,76
47,78
0,3
19,16
170,185
63,59
109,175
169,189
172,194
213,232
125,119
144,132
75,298
162,186
74,73
151,27
197,143
202,258
269,19
155,183
26,32
67,70
72,148
264,89
129,130
41,17
90,138
109,188
123,86
150,189
34,14
213,245
232,258
144,145
56,261
129,251
14,35
146,191
206,205
247,243
136,146
180,189
199,202
6,36
185,267
218,215
50,79
41,30
294,210
173,149
25,22
71,138
236,205
2,38
136,267
62,89
185,159
97,275
245,210
248,215
36,36
272,20
136,159
277,98
29,33
48,46
221,203
166,267
240,216
50,92
110,106
127,275
233,213
103,103
263,92
34,269
106,108
166,159
78,46
196,267
77,50
297,90
168,168
161,165
290,50
105,270
210,286
143,296
292,96
108,275
154,162
195,163
85,291
217,218
120,285
276,273
235,235
100,47
298,291
64,124
22,127
61,55
80,68
267,160
184,162
10,9
288,219
207,294
205,221
286,294
179,168
79,230
5,15
258,232
65,66
225,55
156,184
285,69
109,109
128,122
12,176
237,294
280,112
32,10
123,128
35,15
56,74
116,125
135,138
47,254
28,12
176,176
88,63
129,64
179,181
197,198
68,84
241,241
39,26
190,195
295,248
262,71
148,198
165,138
13,10
16,15
53,82
248,257
148,90
159,185
30,34
71,72
104,20
169,149
48,88
20,26
199,257
39,39
171,195
83,82
284,72
74,262
160,265
275,252
146,138
187,139
261,88
233,255
145,142
164,155
35,270
62,144
227,211
175,21
133,24
138,139
298,91
231,101
96,142
159,198
11,34
219,212
291,88
48,101
134,141
175,142
254,206
6,104
212,209
23,44
231,222
55,225
215,214
118,281
38,29
76,284
164,168
43,107
208,211
59,88
78,101
119,102
69,281
270,271
36,104
297,145
8,42
140,161
131,112
222,230
282,281
194,168
1,2
193,172
45,45
243,289
237,215
99,281
38,42
170,161
276,99
133,279
207,228
174,51
119,115
31,2
210,233
91,53
163,158
283,223
228,287
286,228
112,112
115,117
271,105
114,121
100,223
274,110
86,59
177,177
237,228
130,102
121,282
214,244
167,169
186,182
258,287
65,121
285,124
142,112
133,292
293,244
141,116
12,2
265,182
278,121
209,287
61,123
135,72
126,252
93,75
244,244
51,78
197,132
7,8
67,59
259,229
70,64
42,2
135,193
47,80
0,5
79,298
19,18
151,137
63,61
255,231
81,78
172,196
213,234
125,121
144,134
74,75
93,88
269,21
155,185
260,201
72,150
158,190
148,145
60,261
146,72
266,137
44,24
250,129
136,27
153,196
34,16
56,263
143,151
46,255
247,245
250,250
136,148
199,204
144,268
50,81
108,22
41,32
261,264
294,212
25,24
233,202
44,37
197,279
145,89
273,274
166,148
185,161
97,277
226,199
224,89
17,25
229,204
96,89
206,220
291,264
272,22
161,154
276,141
221,205
240,218
284,261
91,95
110,108
94,100
154,151
159,266
85,51
103,105
106,110
3,103
77,52
168,170
209,208
228,221
80,57
112,275
161,167
290,52
205,210
105,272
12,44
124,285
224,223
251,97
75,100
195,165
219,293
258,221
142,275
290,173
235,237
276,275
279,280
42,44
209,221
176,44
80,70
267,162
24,175
184,164
10,11
54,54
72,71
204,227
116,114
28,1
195,178
5,17
65,68
63,224
156,186
216,237
109,111
128,124
100,291
40,11
58,65
190,184
295,237
262,60
181,135
60,74
211,243
123,130
35,17
9,1
129,66
275,120
137,186
123,251
285,84
238,238
95,189
241,243
20,15
39,28
171,184
23,20
135,261
262,73
253,253
32,25
16,17
56,89
229,246
248,259
270,18
5,272
27,31
159,187
164,265
150,138
291,77
284,74
74,264
160,267
27,152
233,257
145,144
35,272
164,157
62,146
208,200
15,34
175,23
194,265
180,138
226,254
152,39
157,154
298,93
229,259
96,144
160,159
27,44
200,201
219,214
122,281
134,143
175,144
20,270
133,147
152,160
45,34
212,211
215,216
182,39
127,103
187,154
16,272
38,31
277,276
230,201
101,50
133,268
210,222
289,286
182,160
242,211
52,50
38,152
222,232
249,106
188,96
193,174
237,217
256,230
223,53
214,233
107,107
167,158
170,163
82,50
174,53
119,117
91,284
210,235
163,160
283,225
94,60
228,289
140,176
84,281
189,297
271,107
59,224
147,71
188,109
274,112
67,48
174,174
86,61
158,166
167,171
79,58
65,123
123,64
255,220
293,246
91,297
232,236
265,184
278,123
135,74
14,13
244,246
51,80
197,134
288,289
7,10
26,23
70,66
129,121
0,7
41,8
280,61
63,63
238,293
49,128
250,118
255,233
81,80
141,131
153,185
34,5
213,236
282,70
125,123
144,136
185,137
37,10
165,195
151,31
51,93
197,147
150,72
136,137
81,201
141,252
227,255
260,203
180,180
259,244
157,196
148,147
60,263
275,188
113,126
151,152
44,26
197,268
2,29
34,18
185,150
190,265
289,207
187,196
247,247
250,252
57,86
194,91
180,193
199,206
92,80
105,19
50,83
243,212
154,140
25,26
233,204
2,42
43,43
134,198
263,83
87,86
273,276
166,150
226,201
64,102
22,105
228,210
99,96
277,102
29,37
221,207
284,263
251,86
110,110
154,153
85,53
258,210
24,43
222,287
103,107
120,276
235,226
87,99
106,112
17,269
77,54
94,223
209,210
121,97
112,277
79,100
184,153
10,0
221,220
73,56
224,225
176,154
66,282
195,167
203,287
244,288
142,277
276,277
100,51
58,54
75,223
168,185
61,59
126,188
10,13
183,170
21,108
54,56
255,46
72,73
116,116
88,54
179,172
198,185
5,19
46,57
65,70
225,59
216,239
109,113
260,245
218,248
70,121
295,239
107,188
148,189
60,76
211,245
16,6
54,298
35,19
183,183
86,250
144,191
9,3
248,248
129,68
178,189
238,240
241,245
260,258
67,129
20,17
39,30
116,250
23,22
231,200
102,86
284,63
60,89
13,14
32,27
16,19
287,253
39,151
78,79
152,28
9,16
229,248
270,20
220,199
27,33
30,38
164,267
90,89
238,253
291,79
48,92
134,132
182,28
32,269
145,146
153,266
175,25
18,41
226,256
78,92
8,33
200,203
219,216
71,89
291,92
203,208
103,270
222,221
20,272
4,35
191,90
127,105
13,269
283,93
118,285
186,160
38,33
277,278
277,49
100,93
265,160
69,285
182,162
297,149
145,280
52,52
203,221
222,234
89,55
256,232
223,55
99,285
214,235
107,109
167,160
79,47
170,165
82,52
235,294
119,119
163,162
94,291
181,179
286,232
255,101
114,125
155,163
193,189
86,63
70,55
49,117
123,66
68,130
216,294
255,222
293,248
75,291
278,125
295,294
102,128
281,130
14,15
181,192
165,184
244,248
51,82
68,251
197,136
155,176
26,25
246,294
70,68
264,82
281,251
129,123
148,136
0,9
41,10
192,179
238,295
250,120
169,195
62,69
141,133
153,187
72,262
273,252
125,125
185,139
37,12
136,139
227,257
259,246
138,185
220,254
113,128
132,141
25,15
192,192
44,28
150,195
2,31
263,72
139,265
166,139
14,270
248,208
113,249
187,198
159,136
57,88
272,13
29,26
138,198
105,21
50,85
243,214
69,98
201,254
233,206
71,144
24,32
97,281
224,93
36,271
284,144
55,284
289,222
22,107
99,98
131,279
98,102
48,281
15,104
110,112
75,91
25,270
154,155
107,43
217,211
117,273
84,96
120,278
216,215
128,102
119,282
17,271
77,56
256,287
149,161
94,225
209,212
121,99
267,153
112,279
184,155
10,2
271,43
288,212
188,274
207,287
205,214
191,279
195,169
286,287
5,8
46,46
65,59
156,177
142,279
68,64
128,115
100,53
58,285
77,298
237,287
75,225
168,187
61,61
281,64
267,166
123,121
290,298
35,8
21,110
274,61
246,228
191,292
130,282
204,231
116,118
88,56
156,190
101,254
197,191
109,115
295,241
148,191
234,231
253,244
294,245
13,3
32,16
211,247
16,8
183,185
95,72
141,188
53,75
39,140
245,245
9,5
88,298
160,137
27,22
30,27
104,13
238,242
257,255
241,247
48,81
260,260
20,19
39,32
116,252
23,24
231,202
83,75
27,143
13,16
266,196
236,253
227,204
78,81
270,22
159,191
11,27
30,40
222,210
134,134
254,199
152,151
157,266
261,94
32,271
118,274
252,274
145,148
164,161
217,253
208,204
18,43
226,258
270,35
182,151
8,35
187,266
140,154
200,205
11,40
219,218
291,94
203,210
103,272
263,261
122,285
103,43
194,161
133,151
205,256
138,266
3,41
256,221
149,95
126,111
76,290
98,49
230,205
175,269
207,221
265,162
210,226
22,175
85,231
33,41
286,221
52,54
54,100
128,49
193,178
256,234
223,57
135,173
214,237
107,111
167,162
98,62
170,167
82,54
293,237
251,277
163,164
22,188
278,114
162,168
281,119
181,181
253,286
186,296
93,68
84,285
225,224
244,237
109,49
114,127
155,165
7,1
274,116
86,65
158,170
70,57
204,286
237,234
181,73
79,291
239,243
63,283
285,130
49,119
169,184
213,227
37,1
102,130
14,17
181,194
234,286
285,251
269,14
67,65
158,183
70,70
61,250
102,251
157,187
190,135
129,125
148,138
151,143
192,181
44,17
250,122
231,257
143,144
96,69
187,187
247,238
132,22
117,128
26,269
208,246
139,146
138,187
69,87
220,256
294,205
132,143
25,17
44,30
90,146
2,33
62,84
263,74
282,87
53,264
139,267
254,254
185,154
14,272
17,18
289,211
297,72
206,213
99,87
44,151
159,138
272,15
117,141
29,28
208,259
139,159
240,211
188,21
83,264
105,23
243,216
127,270
201,256
200,260
71,146
24,34
236,213
106,103
188,142
17,31
168,163
154,265
80,50
115,273
249,273
271,32
161,160
205,203
124,278
110,114
108,270
75,93
25,272
195,158
57,224
184,265
84,98
101,230
216,217
235,230
279,273
42,37
295,217
228,227
176,37
272,270
63,96
288,214
188,276
207,289
246,217
204,220
149,284
283,284
195,171
286,289
46,48
258,227
285,64
257,231
68,66
128,117
86,120
237,289
58,58
61,63
102,64
281,66
253,233
123,123
204,233
149,297
116,120
88,58
148,72
109,117
273,188
111,126
190,190
234,233
13,5
266,185
32,18
252,250
183,187
53,77
185,196
226,234
245,247
56,82
9,7
275,126
27,24
206,255
178,193
30,29
104,15
238,244
103,19
282,250
20,21
4,13
171,190
23,26
231,204
83,77
294,260
261,83
13,18
16,23
18,32
78,83
245,260
97,96
55,99
270,24
27,37
173,91
11,29
30,42
291,83
134,136
194,150
254,201
133,140
23,268
152,153
196,196
22,43
187,147
283,84
118,276
66,86
186,151
38,24
111,273
207,210
182,153
200,207
11,42
263,263
205,258
64,282
45,40
237,210
3,43
297,261
66,99
126,113
38,37
277,282
170,156
265,164
210,228
163,153
94,53
200,220
52,56
93,57
114,116
155,154
193,180
292,159
89,59
223,59
264,60
121,277
107,113
167,164
126,126
79,51
170,169
285,119
82,56
54,223
293,239
141,111
91,290
278,116
162,170
281,121
52,298
93,70
244,239
155,167
274,118
7,3
86,67
177,185
70,59
89,72
264,73
107,126
0,0
41,1
239,245
65,129
82,298
63,56
49,121
150,173
255,226
114,250
62,60
180,52
125,116
14,19
65,250
151,24
197,140
269,16
7,16
227,248
139,135
72,145
180,173
268,20
278,250
201,232
132,132
145,71
90,135
250,124
34,11
125,129
143,146
14,32
206,202
57,79
272,4
76,92
136,143
29,17
208,248
139,148
125,250
199,199
138,189
50,76
220,258
132,145
25,19
71,135
90,148
134,191
263,76
249,141
254,256
212,259
17,20
289,213
96,84
297,74
228,203
131,270
57,92
272,17
29,30
161,149
221,200
279,141
105,25
243,218
85,46
71,148
258,203
84,87
106,105
97,285
17,33
77,47
168,165
154,267
209,203
115,275
249,275
271,34
161,162
205,205
12,39
154,159
195,160
184,267
101,232
68,55
235,232
279,275
168,178
295,219
176,39
80,65
214,294
272,272
280,96
63,98
183,163
288,216
293,294
204,222
116,109
176,160
244,294
285,66
257,233
109,106
68,68
128,119
39,10
262,55
281,68
234,222
253,235
123,125
54,291
287,233
179,178
275,115
5,25
104,4
241,238
67,122
111,128
23,15
262,297
234,235
261,72
13,7
266,187
252,252
20,131
53,79
111,249
144,197
185,198
9,9
55,88
275,128
8,13
27,26
206,257
159,182
11,18
178,195
30,31
238,246
136,198
103,21
48,85
20,23
199,254
111,141
4,15
231,206
275,249
217,244
236,257
227,208
166,198
18,34
78,85
97,98
138,136
298,88
270,26
27,39
11,31
30,44
291,85
203,201
103,34
221,255
133,142
78,206
23,270
45,29
215,211
118,278
85,101
38,26
43,104
15,271
265,153
33,32
131,109
222,227
4,270
45,42
77,223
292,148
3,45
297,263
223,48
181,51
126,115
167,153
98,282
225,94
170,158
142,96
235,287
73,225
193,290
265,166
163,155
94,284
33,45
93,59
189,292
87,281
128,282
202,231
114,118
155,156
58,223
130,99
167,166
79,53
170,171
285,121
68,123
54,225
174,290
293,241
232,231
278,118
61,120
102,121
88,223
281,123
14,8
126,249
46,226
244,241
192,51
51,75
269,5
67,285
7,5
26,18
246,287
264,75
0,2
239,247
238,288
114,252
241,293
62,62
282,65
172,193
213,231
125,118
144,131
162,185
14,21
74,72
165,190
247,229
136,132
139,137
268,22
143,27
129,129
160,196
41,16
127,19
132,134
90,137
268,143
212,248
129,250
215,253
206,204
151,268
247,242
57,81
272,6
76,94
249,22
139,150
125,252
6,35
92,75
185,266
138,191
105,14
50,78
108,19
242,248
261,261
25,21
90,150
236,204
2,37
136,266
122,102
1,41
254,258
97,274
298,264
279,22
36,35
289,215
228,205
272,19
131,43
277,97
101,100
221,202
166,266
240,215
31,41
91,92
110,105
127,274
173,161
52,100
258,205
235,221
191,151
196,266
168,167
176,28
80,54
115,277
82,100
105,269
12,41
246,208
108,274
223,224
195,162
267,267
156,170
68,57
202,286
235,234
77,291
42,41
267,159
0,44
280,98
290,291
183,165
288,218
188,280
232,286
56,60
116,111
179,167
5,14
225,283
65,65
156,183
285,68
257,235
68,70
109,108
72,189
39,12
218,243
171,168
253,237
60,71
280,111
266,176
32,9
35,14
12,296
213,286
287,235
139,71
116,124
275,117
178,184
104,6
197,197
90,71
169,135
296,176
241,240
260,253
125,65
259,294
4,4
23,17
148,197
93,261
234,237
261,74
13,9
51,264
16,14
287,248
166,187
298,77
270,15
5,269
27,28
159,184
30,33
71,71
222,203
48,87
20,25
199,256
4,17
284,71
196,187
187,138
233,254
35,269
217,246
175,20
138,138
96,141
173,95
159,197
11,33
145,262
219,211
203,203
122,278
175,141
290,91
106,270
221,257
6,103
133,144
23,272
45,31
224,262
55,224
3,34
182,265
215,213
283,88
214,217
38,28
277,273
43,106
101,47
92,264
59,87
100,88
270,270
36,103
297,144
209,260
33,34
286,214
52,47
244,217
54,93
1,1
4,272
45,44
298,224
177,163
163,265
237,214
223,50
47,53
126,117
170,160
235,289
207,227
174,50
265,168
210,232
163,157
228,286
162,161
181,174
286,227
271,104
202,233
114,120
155,158
274,109
86,58
158,163
58,225
177,176
237,227
89,63
121,281
47,66
285,123
49,112
216,289
293,243
232,233
292,284
278,120
295,289
102,123
88,225
281,125
51,77
7,7
26,20
67,58
246,289
273,126
259,228
70,63
264,77
129,118
41,5
151,136
192,174
44,10
2,13
169,190
241,295
255,230
141,128
153,182
172,195
213,233
125,120
144,133
143,137
14,23
96,62
164,196
197,144
76,83
117,121
136,134
141,249
268,24
139,139
41,18
127,21
132,136
44,23
90,139
250,128
150,190
224,75
247,244
206,206
136,147
50,80
108,21
261,263
173,150
71,139
24,27
136,268
203,258
236,206
97,276
64,99
224,88
17,24
228,207
131,274
272,21
98,97
277,99
268,279
271,25
221,204
174,92
279,145
91,94
110,107
127,276
258,207
24,40
128,97
202,46
119,277
77,51
168,169
209,207
80,56
52,223
112,274
63,89
161,166
290,51
105,271
210,287
176,151
195,164
5,3
258,220
137,159
142,274
68,59
276,274
279,279
141,49
61,285
190,170
234,213
267,161
211,229
183,167
35,3
21,105
296,44
53,57
144,175
204,226
116,113
179,169
5,16
65,67
156,185
197,186
252,122
109,110
12,177
218,245
171,170
190,183
234,226
179,290
60,73
151,191
32,11
123,129
16,3
35,16
287,237
56,75
9,0
248,245
129,65
247,286
123,250
71,60
104,8
90,73
238,237
241,242
20,14
39,27
4,6
171,183
23,19
284,60
294,253
132,191
261,76
13,11
266,191
16,16
15,20
18,25
245,253
157,140
298,79
229,245
270,17
8,17
27,30
159,186
71,73
291,76
222,205
103,25
199,258
133,133
4,19
231,210
251,125
284,73
160,266
27,151
233,256
140,28
85,92
217,248
175,22
120,86
207,203
152,267
152,38
298,92
210,208
200,200
203,205
175,143
20,269
73,95
133,146
152,159
45,33
3,36
182,267
149,90
126,106
38,30
277,275
230,200
202,101
40,39
293,219
193,52
210,221
58,93
270,272
8,272
182,159
297,146
61,98
167,265
38,151
202,222
114,109
274,98
193,173
177,165
163,267
237,216
135,168
264,53
88,93
214,232
107,106
170,162
133,280
174,52
232,222
264,174
283,224
135,60
52,291
165,168
109,273
155,160
274,111
158,165
259,217
9,42
47,68
19,6
239,238
280,276
65,122
82,291
63,49
141,117
172,184
213,222
232,235
28,176
102,125
253,294
19,127
46,230
51,79
197,133
7,9
273,128
92,53
157,182
69,69
129,120
160,187
41,7
113,112
250,117
255,232
81,79
263,56
153,184
282,69
213,235
273,249
125,122
37,9
14,25
234,294
187,182
99,69
131,21
117,123
136,136
134,292
29,10
120,128
180,179
273,141
60,262
173,139
44,25
131,142
2,28
56,264
105,126
17,13
143,152
289,206
108,131
247,246
90,262
250,251
268,268
193,94
279,134
243,211
50,82
91,83
200,255
112,142
203,260
276,250
1,45
17,26
283,145
228,209
71,262
98,99
230,255
142,142
174,94
12,32
31,45
75,88
154,152
216,212
68,48
279,268
12,153
86,102
3,104
77,53
42,32
168,171
295,212
209,209
80,58
214,287
112,276
115,281
271,269
183,156
73,284
274,274
246,212
12,45
210,289
77,174
116,102
176,153
66,281
195,166
5,5
137,161
82,225
142,276
257,226
290,174
67,102
58,282
278,285
190,172
42,45
281,61
267,163
253,228
198,292
60,62
123,118
35,5
21,107
73,297
72,72
149,292
116,115
88,53
179,171
5,18
63,225
252,124
49,61
218,247
171,172
190,185
60,75
32,13
211,244
16,5
282,124
9,2
248,247
129,67
270,6
275,121
8,6
173,73
11,11
123,252
30,24
71,62
238,239
250,64
136,191
81,255
241,244
103,14
20,16
106,19
4,8
171,185
23,21
231,199
284,62
173,194
85,81
145,132
76,261
48,199
15,22
227,201
59,65
78,78
152,27
229,247
248,260
270,19
27,32
30,37
164,266
291,78
175,132
124,86
256,205
233,258
145,145
15,35
175,24
207,205
18,40
298,94
210,210
80,100
140,151
200,202
286,205
186,267
38,140
219,215
203,207
103,269
10,41
122,282
222,220
152,161
205,253
237,205
126,108
186,159
277,277
230,202
100,92
265,159
75,264
33,38
167,267
19,103
52,51
128,275
114,111
158,154
223,283
223,54
47,57
214,234
107,108
79,46
170,164
82,51
162,165
181,178
165,170
211,286
109,275
26,11
158,167
70,283
273,117
9,44
121,285
262,224
220,227
239,240
65,124
280,49
123,65
150,168
40,296
255,221
62,55
295,293
14,14
21,175
7,11
287,294
6,15
92,55
157,184
50,58
129,122
148,135
201,227
41,9
113,114
239,253
151,140
192,178
238,294
250,119
62,297
153,186
34,6
72,261
213,237
268,136
125,124
185,138
37,11
231,254
124,128
36,15
187,184
49,250
178,135
117,125
136,138
81,202
29,12
180,181
69,84
60,264
242,241
113,127
25,14
131,144
2,30
84,69
134,186
120,251
1,34
166,138
14,269
17,15
99,84
57,87
76,100
6,270
105,249
105,20
44,269
200,257
52,93
161,265
235,214
276,252
87,87
97,280
191,144
55,283
237,260
22,106
149,147
168,160
228,211
80,47
267,139
230,257
15,103
142,144
24,44
156,163
216,214
119,281
17,270
256,286
94,224
42,34
209,211
295,214
121,98
214,289
267,152
0,37
79,101
271,271
183,158
288,211
188,273
274,276
293,289
56,53
176,155
195,168
286,286
5,7
65,58
244,289
156,176
285,61
75,224
239,295
151,182
123,120
183,171
35,7
287,228
72,74
130,281
204,230
116,117
275,110
48,67
139,185
259,287
262,292
234,230
266,182
211,246
226,231
245,244
96,121
8,8
27,21
11,13
178,190
30,26
238,241
296,182
241,246
103,16
48,80
139,198
20,18
106,21
23,23
231,201
145,134
90,198
217,239
76,263
59,67
78,80
152,29
298,83
55,96
108,188
182,137
270,21
11,26
291,80
175,134
133,137
251,129
214,210
71,198
18,271
207,207
100,81
91,261
251,250
110,274
140,153
33,27
200,204
286,207
184,196
103,271
45,37
177,156
292,143
256,220
80,223
126,110
186,161
98,277
225,89
230,204
175,268
101,53
207,220
100,94
265,161
61,102
33,40
19,105
93,54
51,57
128,277
202,226
114,113
158,156
89,56
107,110
52,174
46,100
170,166
104,41
169,170
21,43
255,210
81,57
141,108
213,213
232,226
162,167
14,3
181,180
74,54
46,221
225,223
82,174
109,277
114,126
155,164
7,0
34,103
158,169
70,285
259,221
223,298
239,242
280,280
63,282
285,129
241,288
37,0
102,129
14,16
96,55
165,185
285,250
197,137
117,114
76,76
29,1
153,296
227,245
120,119
6,17
92,57
226,286
157,186
102,250
129,124
41,11
113,116
250,121
134,175
263,60
194,189
212,243
231,256
124,130
143,143
36,17
215,248
27,197
187,186
206,199
76,89
136,140
208,245
227,258
133,71
138,186
124,251
69,86
242,243
25,16
24,20
134,188
263,73
268,151
17,17
289,210
297,71
168,149
173,264
272,14
142,133
271,18
161,146
6,272
174,85
105,22
243,215
94,92
154,143
198,149
258,200
84,84
161,267
188,141
191,146
36,272
17,30
22,108
149,149
168,162
209,200
121,87
131,280
161,159
191,267
292,90
75,92
198,162
156,165
216,216
17,272
191,159
278,276
149,162
190,163
295,216
61,49
267,154
112,280
183,160
188,275
274,278
296,37
246,216
53,50
56,55
179,162
5,9
46,47
252,115
142,280
238,217
257,230
68,65
218,238
171,163
83,50
294,233
123,122
35,9
95,60
185,182
204,232
245,233
97,69
148,71
275,112
118,128
159,166
178,179
252,128
136,182
103,5
260,248
139,187
172,135
124,64
234,232
13,4
151,197
233,236
266,184
282,128
213,294
226,233
245,246
8,10
27,23
206,254
178,192
106,23
251,118
110,142
270,131
154,185
85,85
38,10
217,241
166,195
18,31
59,69
78,82
210,201
55,98
270,23
85,206
184,185
152,152
196,195
258,255
207,209
18,44
100,83
293,212
91,263
265,150
110,276
58,86
182,152
33,29
200,206
244,212
10,45
54,88
205,257
64,281
3,271
292,145
256,222
135,161
47,48
126,112
167,150
65,102
170,155
230,206
40,45
141,97
265,163
58,99
278,102
262,94
33,42
286,222
19,107
93,56
165,161
147,292
114,115
155,153
86,282
158,158
259,210
88,99
181,290
107,112
104,43
169,172
141,110
213,215
125,102
218,293
292,279
278,115
102,118
162,169
281,120
14,5
93,298
74,56
253,287
93,69
225,225
67,282
7,2
158,171
41,0
220,231
113,105
239,244
63,284
49,120
2,8
114,249
62,59
169,185
153,177
172,190
125,115
37,2
28,182
143,132
74,298
14,18
192,290
99,62
117,116
120,121
180,172
6,19
92,59
102,252
143,24
201,231
41,13
113,118
132,131
25,5
44,18
250,123
150,185
43,22
122,86
249,127
212,245
231,258
224,70
55,261
36,19
297,60
206,201
272,3
76,91
208,247
50,75
91,76
251,65
242,245
71,134
117,250
24,22
43,35
189,89
235,205
1,38
224,83
17,19
297,73
113,252
24,143
271,20
161,148
221,199
188,22
31,38
94,94
258,202
156,154
191,148
22,110
223,100
168,164
154,266
79,92
63,84
174,100
205,204
246,205
12,38
75,94
184,266
156,167
101,231
216,218
269,44
119,285
144,49
278,278
278,49
190,165
42,38
176,267
295,218
0,41
60,55
146,95
266,160
63,97
183,162
274,280
296,39
293,293
53,52
37,44
204,221
56,57
176,159
244,293
178,168
252,117
238,219
285,65
257,232
199,227
218,240
111,114
144,62
171,165
226,101
190,178
83,52
262,283
102,65
234,221
253,234
294,235
151,186
211,237
123,124
287,232
130,285
185,184
226,222
245,235
229,227
275,114
118,130
178,181
30,17
241,237
139,189
218,253
111,127
171,178
23,14
124,66
284,55
294,248
118,251
252,251
90,189
282,130
15,15
166,184
18,20
59,58
245,248
97,84
248,253
160,140
27,25
206,256
99,130
247,294
71,297
11,17
30,30
136,197
222,200
103,20
282,251
106,25
4,14
243,259
284,297
251,120
196,184
154,187
283,72
71,189
186,139
38,12
217,243
236,256
18,33
210,203
228,257
11,30
184,187
203,200
10,34
221,254
73,90
133,141
23,269
152,154
292,134
214,214
66,87
167,139
186,152
258,257
43,103
15,270
293,214
58,88
177,39
182,154
267,198
33,31
286,211
170,265
244,214
177,160
292,147
237,211
297,262
47,50
214,227
88,88
126,114
98,281
225,93
170,157
49,96
235,286
255,201
265,165
94,283
33,44
93,58
165,163
202,230
114,117
155,155
158,160
273,110
259,212
89,60
264,290
9,37
121,278
129,102
285,120
49,109
257,287
54,224
95,225
150,161
141,112
153,166
172,179
232,230
218,295
135,297
102,120
253,289
7,4
287,287
6,8
157,177
69,64
160,182
146,284
41,2
201,220
113,107
220,233
239,246
2,10
169,187
62,61
282,64
172,192
254,231
125,117
224,59
124,121
143,134
36,8
234,289
96,59
247,228
99,64
117,118
120,123
139,136
180,174
268,21
157,190
143,26
201,233
146,297
113,120
145,72
90,136
43,24
84,62
222,255
194,193
268,142
87,67
212,247
17,8
143,147
108,126
297,62
57,80
272,5
29,18
249,21
161,137
185,265
31,27
50,77
143,268
251,67
242,247
94,83
117,252
203,255
24,24
1,40
188,132
279,21
191,137
228,204
79,81
271,22
161,150
221,201
279,142
31,40
91,91
163,196
127,273
75,83
283,261
258,204
156,156
101,220
168,166
176,27
80,53
0,30
253,210
19,43
115,276
63,86
271,35
12,40
204,210
223,223
195,161
267,266
68,285
257,221
77,290
61,282
42,40
190,167
281,285
234,210
239,288
220,46
280,97
151,175
266,162
63,99
290,290
183,164
293,295
34,41
287,221
53,54
70,223
248,229
5,13
151,296
178,170
252,119
257,234
39,11
218,242
111,116
171,167
83,54
201,46
294,237
132,175
261,60
35,13
122,130
282,119
185,186
245,237
229,229
275,116
8,1
136,186
241,239
139,191
240,243
4,3
23,16
243,248
132,188
173,189
261,73
90,191
38,1
296,296
15,17
268,197
97,86
298,76
55,89
270,14
8,14
27,27
30,32
222,202
152,143
4,16
191,71
251,122
256,200
71,191
217,245
189,146
147,149
207,200
210,205
177,28
182,143
209,246
228,259
203,202
106,269
221,256
133,143
45,30
224,261
292,136
140,267
214,216
186,154
15,272
101,46
293,216
265,154
110,280
209,259
140,159
33,33
286,213
244,216
51,50
54,92
64,285
237,213
130,87
28,39
47,52
107,103
181,52
225,95
49,98
169,163
255,203
81,50
172,168
162,160
181,173
165,165
202,232
114,119
155,157
158,162
58,224
273,112
223,291
220,222
280,273
285,122
49,111
68,124
260,294
172,181
232,232
102,122
88,224
74,60
201,101
247,217
211,294
287,289
92,50
259,227
97,128
138,166
50,53
69,66
160,184
201,222
113,109
239,248
192,173
44,9
238,289
145,61
2,12
62,63
241,294
282,66
268,131
254,233
124,123
143,136
96,61
99,66
164,195
57,69
76,82
117,120
136,133
120,125
139,138
268,23
127,249
127,20
24,13
84,64
222,257
249,131
194,195
268,144
1,29
87,69
224,74
161,139
193,91
279,131
31,29
105,15
210,260
163,185
108,249
108,20
261,262
107,24
24,26
203,257
1,42
17,23
108,141
181,94
167,196
131,273
79,83
98,96
101,101
174,91
279,144
12,29
31,42
195,150
24,268
156,158
101,222
235,222
67,86
86,99
42,29
176,29
267,147
0,32
112,273
115,278
63,88
211,215
123,102
183,153
188,268
246,209
12,42
89,225
223,225
65,282
192,94
285,285
142,273
68,58
241,215
141,277
174,225
67,99
260,228
278,282
171,156
190,169
42,42
74,223
0,45
151,177
211,228
123,115
34,43
53,56
232,287
254,46
116,112
206,234
225,284
118,121
178,172
252,121
257,236
199,231
218,244
171,169
83,56
69,121
60,72
261,62
137,292
236,234
282,121
53,298
213,287
226,226
143,191
289,245
275,118
8,3
99,121
11,8
178,185
90,72
296,177
240,245
111,131
4,5
83,298
23,18
284,59
22,22
261,75
66,65
85,78
15,19
111,252
18,24
270,16
8,16
228,248
173,83
291,75
222,204
133,132
251,124
256,202
214,205
186,143
217,247
189,148
152,266
210,207
77,92
94,261
209,248
200,199
179,76
203,204
10,38
106,271
221,258
288,248
73,94
133,145
45,32
177,151
292,138
3,35
182,266
149,89
283,89
126,105
277,274
189,161
230,199
285,98
101,48
21,25
40,38
293,218
58,92
75,261
61,97
162,149
280,141
244,218
51,52
202,221
54,94
95,95
114,108
274,97
163,266
259,203
264,52
47,54
88,92
107,105
98,285
192,149
104,36
269,103
169,165
155,267
255,205
172,170
232,221
116,275
162,162
52,290
93,291
165,167
128,285
158,164
254,101
273,114
9,41
69,55
239,237
280,275
82,290
2,1
169,178
122,66
213,221
232,234
102,124
294,294
164,184
117,109
208,227
273,127
92,52
245,294
28,296
229,286
69,68
129,119
160,186
41,6
113,111
44,11
145,63
250,116
43,15
48,130
268,133
152,187
97,251
212,238
105,112
224,63
124,125
215,243
96,63
217,289
131,20
29,9
227,253
194,76
139,140
180,178
268,25
276,115
6,25
182,187
242,238
94,74
127,22
173,138
85,254
131,141
84,66
263,297
1,31
64,87
36,25
256,257
289,205
121,69
112,249
186,198
142,128
276,128
207,257
279,133
12,18
265,198
31,31
91,82
163,187
292,72
75,74
168,265
200,254
286,257
112,141
43,270
189,95
1,44
87,84
73,149
223,93
42,18
228,208
267,136
19,34
198,265
79,85
98,98
230,254
142,141
12,31
31,44
204,201
24,270
258,208
137,147
156,160
216,211
119,278
12,152
70,93
190,158
42,31
295,211
176,31
214,286
0,34
93,225
179,265
253,214
266,153
211,217
183,155
274,273
34,32
246,211
37,37
176,152
5,4
49,276
82,224
238,212
296,153
241,217
141,279
199,220
144,284
39,2
171,158
190,171
74,225
234,214
253,227
294,228
266,166
104,104
95,284
35,4
21,106
53,58
130,278
245,228
56,63
229,220
129,282
206,236
118,123
159,161
252,123
30,10
291,51
48,64
199,233
144,297
218,246
171,171
233,231
16,4
95,297
236,236
282,123
213,289
268,188
106,126
18,13
212,293
248,246
8,5
27,18
247,287
99,123
11,10
81,254
103,13
221,234
240,247
4,7
45,8
196,177
22,24
242,293
173,193
66,67
85,80
277,250
84,121
189,137
249,188
15,21
142,62
166,190
18,26
59,64
78,77
298,80
289,260
55,93
8,18
140,137
175,131
133,134
279,188
196,190
256,204
38,18
225,73
189,150
216,253
40,27
207,204
100,78
77,94
94,263
61,86
267,191
186,266
10,40
290,94
106,273
54,83
202,210
246,253
265,266
177,153
126,107
98,274
170,150
68,102
40,40
232,210
75,263
61,99
262,89
281,102
33,37
167,266
179,91
165,156
32,41
189,284
51,54
128,274
114,110
53,100
158,153
9,30
264,54
21,269
169,167
81,54
213,210
172,172
218,288
199,46
116,277
83,100
162,164
165,169
13,41
109,274
227,229
70,282
273,116
157,170
47,298
220,226
280,277
239,239
150,167
2,3
81,67
172,185
28,177
46,231
76,73
117,111
134,280
208,229
120,116
6,14
92,54
157,183
284,224
50,57
69,70
201,226
113,113
219,243
43,17
84,55
111,188
143,140
36,14
215,245
297,55
99,70
131,22
29,11
276,117
193,82
242,240
94,76
52,79
131,143
24,17
84,68
120,250
1,33
212,253
105,127
17,14
297,297
167,187
98,87
271,15
6,269
207,259
174,82
193,95
31,33
297,189
75,76
242,253
94,89
135,90
126,270
200,256
52,92
198,146
43,272
24,30
235,213
274,141
191,143
36,269
89,95
149,146
80,46
121,84
267,138
198,267
24,151
230,256
82,92
12,33
204,203
107,270
74,93
24,272
198,159
225,262
137,149
101,226
183,265
216,213
12,154
149,159
190,160
42,33
281,278
0,36
253,216
146,90
271,270
183,157
274,275
293,288
34,34
287,214
53,47
72,60
37,39
248,222
148,284
5,6
49,278
238,214
49,49
81,230
241,219
199,222
111,109
83,47
60,63
239,294
123,119
35,6
122,123
287,227
88,283
143,182
229,222
148,297
55,69
275,109
118,125
252,125
250,281
291,53
48,66
259,286
233,233
18,15
226,230
8,7
247,289
173,74
71,292
30,25
103,15
48,79
106,249
106,20
152,136
4,9
45,10
284,292
3,13
242,295
154,182
66,69
85,82
145,133
186,134
217,238
277,252
189,139
15,23
59,66
298,82
77,83
182,136
80,88
140,139
33,13
10,29
175,133
161,198
290,83
133,136
251,128
22,268
130,67
256,206
195,196
186,147
225,75
170,139
40,29
100,80
191,198
110,273
61,88
80,101
140,152
33,26
184,195
10,42
64,278
177,155
28,32
214,222
126,109
98,276
65,99
225,88
285,102
40,42
102,102
262,91
19,104
93,53
146,145
165,158
128,276
114,112
158,155
89,284
259,207
9,32
264,56
47,58
123,282
21,271
169,169
260,287
53,223
199,48
162,166
46,220
165,171
247,210
51,298
211,287
109,276
6,3
89,297
259,220
97,121
83,223
138,159
9,45
262,225
264,298
69,59
160,177
239,241
280,279
150,169
2,5
254,226
212,229
224,54
36,3
215,234
99,59
76,75
117,113
120,118
6,16
92,56
157,185
146,292
113,115
219,245
131,132
43,19
189,73
175,175
180,290
212,242
231,255
124,129
36,16
187,185
66,124
217,293
57,75
101,81
92,298
207,248
124,250
91,73
242,242
43,32
84,70
175,188
120,252
133,191
191,132
17,16
237,248
149,135
223,84
173,263
142,132
271,17
73,261
6,271
94,91
200,258
52,94
179,135
198,148
258,199
161,266
26,41
191,145
292,197
70,84
149,148
168,161
209,199
47,100
80,48
121,86
267,140
253,205
211,208
82,94
142,145
54,261
191,266
204,205
262,146
74,95
198,161
225,264
285,278
137,151
156,164
183,267
150,90
7,41
260,221
278,275
61,277
190,162
295,215
234,205
271,272
62,98
274,277
37,41
56,54
132,49
118,114
49,280
178,165
30,1
16,103
238,216
252,114
227,286
125,275
218,237
111,111
171,162
261,55
25,44
233,222
122,125
53,291
166,168
113,278
275,111
11,1
178,178
208,286
103,4
48,68
175,109
139,186
20,6
240,238
83,291
243,243
22,15
261,297
233,235
29,176
37,296
18,17
59,55
226,232
143,197
55,84
8,9
173,76
103,17
161,187
194,135
73,74
106,22
205,230
110,141
3,15
154,184
283,69
186,136
217,240
76,264
15,25
235,257
87,130
147,144
18,30
59,68
77,85
121,128
30,269
184,184
10,31
189,262
288,241
54,74
251,130
22,270
154,197
214,211
66,84
258,254
109,131
18,272
40,31
207,208
100,82
293,211
91,262
177,265
110,275
210,213
265,149
251,251
179,82
280,134
244,211
10,44
292,144
47,47
239,217
169,158
40,44
141,96
172,163
72,225
158,265
19,106
93,55
146,147
165,160
13,32
128,278
155,152
114,114
86,281
158,157
259,209
9,34
88,98
129,99
46,101
169,171
81,58
260,289
141,109
153,163
213,214
231,231
74,284
14,4
294,287
187,161
247,212
13,45
211,289
67,281
208,220
34,104
39,182
273,120
6,5
245,287
97,123
83,225
138,161
69,61
220,230
2,7
241,289
153,176
282,61
64,67
224,56
124,118
143,131
36,5
74,297
215,236
99,61
164,190
76,77
117,115
29,2
120,120
92,58
226,287
201,230
113,117
219,247
131,134
43,21
84,59
249,126
194,190
87,64
212,244
186,191
217,295
230,234
271,6
276,121
124,252
210,255
91,75
251,64
242,244
107,19
52,83
198,137
24,21
43,34
101,204
235,204
1,37
191,134
149,137
168,150
131,268
79,78
170,196
63,70
82,83
290,261
142,134
271,19
161,147
73,263
31,37
126,274
258,201
137,140
156,153
257,205
269,30
26,43
67,81
191,147
70,86
149,150
264,100
253,207
211,210
123,97
54,263
114,277
12,37
191,268
287,205
204,207
47,223
88,261
262,148
179,150
68,282
269,43
70,99
278,277
190,164
176,266
281,282
0,40
41,41
266,159
274,279
296,38
53,51
56,56
118,116
178,167
252,116
238,218
296,159
48,57
125,277
199,226
92,100
218,239
111,113
171,164
294,234
117,49
166,170
56,298
226,221
78,57
212,286
143,186
275,113
27,11
118,129
178,180
250,285
291,57
263,224
103,6
48,70
175,111
240,240
4,0
45,1
243,245
284,283
124,65
196,170
118,250
103,127
15,14
18,19
59,57
69,250
289,253
8,11
11,16
222,199
290,74
73,76
240,253
152,140
205,232
251,119
196,183
3,17
149,71
154,186
99,250
186,138
38,11
217,242
147,146
40,20
59,70
265,138
210,202
182,140
209,243
80,92
140,143
267,184
33,17
203,199
10,33
202,203
147,267
288,243
73,89
292,133
22,272
256,210
176,187
135,149
121,251
214,213
167,138
79,254
179,192
258,256
15,269
21,20
147,159
40,33
91,264
177,267
58,87
177,38
77,100
33,30
286,210
32,34
244,213
51,47
95,90
246,259
53,93
3,272
292,146
162,265
239,219
169,160
255,200
81,47
172,165
158,267
213,203
262,95
33,272
19,108
146,149
165,162
13,34
227,222
273,109
259,211
157,163
47,291
160,168
201,206
257,286
95,224
153,165
172,178
218,294
231,233
102,119
14,6
275,276
294,289
187,163
57,53
208,222
287,286
6,7
92,47
245,289
50,50
69,63
248,294
220,232
113,106
2,9
194,179
254,230
240,295
152,182
64,69
105,107
124,120
224,58
143,133
36,7
215,238
108,112
247,227
99,63
57,66
117,117
120,122
6,20
229,294
182,182
126,21
43,23
84,61
115,128
222,254
194,192
268,141
87,66
212,246
223,75
168,139
121,64
189,198
230,236
249,249
101,85
174,75
31,26
210,257
251,66
163,182
242,246
94,82
140,198
107,21
52,85
198,139
24,23
189,90
235,206
1,39
188,131
191,136
89,88
149,139
223,88
42,13
181,91
79,80
290,263
271,21
31,39
75,82
126,276
93,99
151,40
156,155
269,32
155,196
7,32
70,88
42,26
19,271
0,29
51,223
211,212
255,255
296,27
287,207
37,32
267,265
192,91
285,282
257,220
241,212
7,45
141,274
144,279
61,281
102,282
190,166
0,42
60,56
266,161
296,40
20,105
53,53
226,210
37,45
56,58
97,59
143,175
248,228
55,62
206,231
118,118
178,169
252,118
197,182
249,49
144,292
218,241
111,115
171,166
83,53
262,284
294,236
233,226
95,292
236,231
122,129
92,223
18,8
185,185
212,288
279,49
83,174
143,188
229,228
215,293
55,75
8,0
30,18
277,124
122,250
240,242
45,3
243,247
3,6
297,224
22,19
242,288
283,60
118,252
15,16
87,121
166,185
59,59
279,62
298,75
77,76
154,296
228,245
80,81
121,119
222,201
290,76
205,234
45,16
251,121
196,185
3,19
256,199
149,73
195,189
186,140
216,248
147,148
207,199
193,264
191,191
210,204
209,245
228,258
281,84
267,186
202,205
288,245
73,91
246,248
72,95
140,266
214,215
179,194
5,41
46,79
258,258
137,197
82,261
49,84
21,22
147,161
174,264
293,215
232,205
209,258
46,200
244,215
35,41
255,81
259,200
56,100
130,86
28,38
162,267
14,103
47,51
46,92
49,97
150,149
169,162
255,202
153,154
172,167
213,205
162,159
165,164
13,36
51,291
16,41
86,285
180,149
273,111
111,49
264,291
157,165
220,221
206,286
150,162
153,167
172,180
231,235
275,278
127,114
27,176
187,165
275,49
247,216
236,286
6,9
50,52
69,65
201,221
113,108
219,238
145,60
2,11
249,117
194,181
254,232
105,109
224,60
124,122
36,9
108,114
127,127
99,65
233,294
57,68
98,69
117,119
120,124
276,112
92,291
119,128
193,77
279,117
140,187
173,135
38,176
43,25
84,63
222,256
194,194
1,28
87,68
152,197
205,289
64,84
256,254
108,127
297,292
297,63
214,257
66,130
24,133
170,187
115,251
82,74
161,138
276,125
174,77
31,28
163,184
182,197
66,251
107,23
24,25
203,256
73,146
188,133
133,197
26,34
191,138
89,90
264,91
47,93
167,195
79,82
271,23
141,142
12,28
144,147
149,262
283,262
137,144
156,157
101,221
269,34
7,34
86,98
218,217
190,155
0,31
253,211
137,265
63,87
255,257
296,29
72,284
72,55
89,224
37,34
245,212
264,225
65,281
49,273
257,222
241,214
141,276
260,227
48,48
139,166
278,281
171,155
190,168
41,45
239,289
151,176
266,163
211,227
197,292
263,94
34,271
122,118
34,42
72,297
20,107
287,222
70,224
166,161
78,48
97,61
298,51
148,292
132,284
206,233
13,104
118,120
178,171
252,120
250,276
272,35
62,225
125,281
199,230
111,117
105,43
69,120
117,282
236,233
282,120
15,5
92,225
185,187
99,120
11,7
122,252
221,231
106,15
240,244
45,5
3,8
22,21
27,136
154,177
283,62
159,292
66,64
85,77
38,2
15,18
87,123
147,137
188,175
18,23
59,61
77,78
289,257
228,247
121,121
33,8
184,177
290,78
133,131
205,236
251,123
256,201
283,75
189,147
175,249
68,86
188,188
40,24
207,201
100,75
110,268
77,91
89,145
209,247
228,260
140,147
281,86
10,37
288,247
54,80
292,137
28,27
5,43
46,81
258,260
192,135
225,83
82,263
68,99
21,24
40,37
293,217
61,96
102,97
281,99
234,253
93,48
46,202
165,153
51,51
35,43
202,220
95,94
28,40
220,210
123,277
104,35
49,99
169,164
155,266
255,204
153,156
172,169
232,220
56,223
116,274
165,166
247,205
164,170
16,43
227,226
273,113
157,167
201,210
261,224
280,274
250,102
62,280
2,0
122,65
39,296
254,221
96,49
127,116
187,167
25,105
38,44
164,183
57,57
20,175
92,51
50,54
160,185
113,110
200,227
219,240
112,114
145,62
272,103
203,232
43,14
263,283
115,119
263,54
268,132
87,57
221,286
152,186
97,250
212,237
105,111
224,62
124,124
215,242
66,119
217,288
57,70
189,189
276,114
119,130
31,17
210,248
182,186
75,60
242,237
94,73
52,76
219,253
84,65
222,258
1,30
87,70
73,135
133,186
119,251
64,86
17,11
237,243
256,256
181,82
167,184
19,20
186,197
98,84
82,76
161,140
279,132
31,30
163,186
292,71
107,25
286,256
43,269
244,259
137,133
235,210
269,23
73,148
155,187
86,87
31,151
191,140
130,130
223,92
42,17
181,95
156,267
49,141
12,30
130,251
204,200
24,269
151,44
137,146
192,82
95,149
100,264
7,36
67,87
218,219
190,157
42,30
262,262
0,33
41,34
93,224
253,213
294,214
137,267
44,39
211,216
266,152
183,154
296,31
287,211
185,163
171,265
206,222
247,260
159,147
192,95
49,275
238,211
296,152
241,216
260,229
39,1
92,93
111,106
171,157
74,224
294,227
60,60
266,165
104,103
95,283
236,222
122,120
78,50
245,227
97,63
298,53
129,281
289,233
113,273
206,235
118,122
159,160
178,173
30,9
250,278
90,60
291,50
227,294
199,232
243,238
196,163
154,166
173,179
233,230
219,295
236,235
119,64
22,131
8,4
11,9
184,166
277,128
208,294
161,182
221,233
240,246
45,7
22,23
173,192
66,66
85,79
147,139
59,63
58,67
121,123
140,136
33,10
130,64
256,203
214,206
179,185
198,198
189,149
285,86
68,88
109,126
40,26
100,77
58,80
77,93
149,198
135,263
162,137
286,203
186,265
198,90
10,39
183,196
265,265
177,152
204,255
28,29
239,212
5,45
285,99
144,96
102,99
162,150
234,255
46,204
280,142
32,40
51,53
16,32
128,273
35,45
134,24
157,156
28,42
160,161
201,199
51,174
21,268
169,166
255,206
81,53
134,145
172,171
254,210
20,43
56,225
116,276
231,226
284,89
247,207
252,285
227,228
120,102
39,177
70,281
273,115
248,287
132,112
150,166
62,282
2,2
282,285
122,67
249,108
194,172
240,288
243,293
96,280
36,0
108,105
25,107
164,185
57,59
134,279
208,228
6,13
152,296
229,287
219,242
112,116
43,16
194,185
268,134
87,59
188,111
133,175
105,113
36,13
182,296
215,244
297,283
186,186
189,191
276,116
50,298
265,186
242,239
94,75
140,191
286,245
52,78
24,16
263,298
101,199
1,32
133,188
237,245
130,119
256,258
19,22
98,86
63,65
82,78
271,14
207,258
31,32
168,266
75,75
52,91
93,92
43,271
151,33
257,200
269,25
260,205
26,38
89,94
148,149
267,137
19,35
198,266
211,205
82,91
204,202
176,140
107,269
74,92
146,197
225,261
137,148
259,259
61,274
234,202
253,215
294,216
266,154
44,41
2,44
282,98
34,33
287,213
273,278
273,49
185,165
37,38
226,203
245,216
138,90
229,208
248,221
55,55
132,275
65,285
159,149
49,277
178,162
197,175
252,111
296,154
29,39
141,280
241,218
199,221
111,108
239,293
197,296
122,122
120,49
106,114
166,165
4,103
78,52
245,229
229,221
215,286
289,235
55,68
113,275
118,124
159,162
30,11
291,52
277,117
48,65
125,285
221,222
243,240
196,165
173,181
233,232
236,237
106,127
18,14
212,294
119,66
64,130
289,248
25,175
98,128
184,168
161,184
54,58
73,71
240,248
205,227
64,251
45,9
243,253
22,25
242,294
66,68
186,133
198,187
217,237
189,138
216,241
128,128
58,69
77,82
80,87
140,138
290,82
288,238
193,149
3,25
130,66
176,182
195,195
88,69
5,34
225,74
18,269
21,15
40,28
100,79
191,197
94,264
61,87
162,139
280,131
32,29
211,260
109,249
35,34
53,88
265,267
177,154
204,257
56,93
9,18
28,31
220,201
165,265
239,214
46,85
109,141
292,262
28,152
262,90
234,257
146,144
280,144
32,42
16,34
89,283
157,158
9,31
28,44
160,163
60,225
201,201
123,281
21,270
169,168
134,147
260,286
153,160
172,173
180,263
213,211
268,110
218,289
116,278
212,215
124,102
41,104
127,107
13,271
247,209
13,42
57,48
134,268
97,120
157,171
69,58
248,289
242,215
62,284
2,4
249,110
1,8
152,177
212,228
243,295
64,64
124,115
96,282
108,107
233,287
164,187
76,74
117,112
120,117
119,121
279,110
284,225
182,177
200,231
219,244
131,131
43,18
115,123
189,72
194,187
87,61
138,292
223,70
66,123
230,231
101,80
276,118
193,83
91,72
163,177
292,62
112,131
24,18
101,201
288,293
26,27
177,196
130,121
42,8
0,11
112,252
142,131
271,16
207,260
174,83
286,260
198,147
192,73
137,137
197,151
257,202
274,142
260,207
26,40
158,196
259,248
89,96
171,135
192,194
95,261
213,253
180,76
204,204
245,205
262,145
107,271
14,43
248,210
74,94
225,263
183,266
269,269
296,143
199,210
111,97
278,274
102,277
234,204
62,97
34,35
166,154
185,167
37,40
226,205
284,146
229,210
275,97
206,226
49,279
252,113
238,215
81,231
29,41
48,54
111,110
50,100
196,154
270,103
261,283
25,43
233,221
85,57
217,213
117,275
236,226
122,124
166,167
78,54
64,119
298,57
17,44
129,285
215,288
289,237
55,70
113,277
11,0
30,13
250,282
291,54
277,119
175,108
73,60
240,237
243,242
110,127
196,167
22,14
283,55
233,234
268,191
59,283
18,16
59,54
108,175
168,189
209,227
33,1
184,170
29,296
230,286
161,186
73,73
45,11
3,14
283,297
195,184
66,70
198,189
225,63
101,256
216,243
290,192
235,256
147,143
40,17
191,186
149,189
295,243
228,253
140,140
280,120
10,30
189,261
87,250
202,200
288,240
95,74
246,243
72,90
22,269
130,68
135,146
179,189
5,36
65,87
257,257
40,30
232,200
58,84
146,133
266,198
32,31
35,36
169,265
288,253
40,151
287,257
3,269
135,159
28,33
47,46
88,84
220,203
165,267
239,216
172,162
72,224
20,34
232,213
28,154
162,154
93,283
146,146
165,159
32,44
252,276
164,163
150,265
76,50
259,208
138,147
157,160
9,33
129,98
160,165
201,203
104,270
21,272
153,162
268,112
212,217
231,230
74,283
275,273
127,109
294,286
187,160
247,211
57,50
6,4
245,286
83,224
50,47
242,217
206,294
145,284
115,112
249,112
1,10
224,284
64,66
224,55
124,117
36,4
215,235
108,109
233,289
236,294
98,64
230,220
119,123
279,112
31,10
163,166
75,53
140,182
200,233
145,297
219,246
131,133
43,20
84,58
115,125
189,74
87,63
193,193
237,236
121,61
217,294
230,233
271,5
276,120
147,198
12,10
91,74
52,82
198,136
202,255
235,203
288,295
147,90
67,67
158,185
191,133
130,123
42,10
0,13
167,190
79,77
170,195
63,69
82,82
73,262
188,249
274,252
232,255
144,142
126,273
74,83
280,188
137,139
156,152
257,204
260,209
218,212
292,198
190,150
195,265
47,101
253,206
294,207
5,104
44,32
211,209
95,263
114,276
296,24
34,24
37,29
204,206
248,212
266,266
118,102
159,140
252,102
68,281
269,271
35,104
7,42
260,222
139,161
171,150
69,102
281,281
201,258
234,206
127,43
25,32
233,210
44,45
145,97
236,215
62,99
263,89
282,102
72,292
180,91
37,42
23,107
284,148
229,212
55,59
96,97
132,279
99,102
118,115
178,166
16,104
227,287
125,276
111,112
110,116
196,156
270,105
261,56
173,172
219,288
131,175
117,277
217,215
120,282
166,169
226,220
64,121
50,223
132,292
228,229
11,2
272,43
184,159
291,56
277,121
263,223
208,287
230,46
175,110
221,226
240,239
188,49
45,0
243,244
3,3
66,59
131,188
15,13
235,245
290,181
147,132
78,298
18,18
100,57
209,229
80,78
121,116
291,298
142,175
290,73
73,75
205,231
45,13
3,16
135,135
283,70
88,60
112,188
186,137
198,191
216,245
202,81
147,145
265,137
149,191
295,245
33,16
253,248
10,32
142,188
288,242
21,127
54,75
202,202
246,245
89,261
22,271
292,132
223,261
135,148
121,250
176,186
262,189
181,264
104,17
21,19
40,32
232,202
177,266
144,89
60,95
32,33
16,25
95,89
155,140
53,92
129,87
160,154
275,141
220,205
239,218
90,95
255,199
81,46
172,164
158,266
254,203
83,92
146,148
192,264
252,278
164,165
150,267
76,52
208,208
227,221
111,275
273,108
138,149
9,35
160,167
201,205
104,272
11,44
123,285
71,95
250,97
150,159
153,164
4,41
231,232
284,95
275,275
127,111
187,162
38,39
208,221
59,98
6,6
23,175
138,162
289,294
242,219
85,235
200,222
112,109
203,227
115,114
230,101
249,114
194,178
1,12
240,294
64,68
105,106
124,119
224,57
36,6
215,237
108,111
230,222
276,109
147,187
119,125
193,74
50,291
31,12
251,281
75,55
219,248
87,65
188,117
274,120
205,286
86,69
177,187
237,238
89,74
168,138
181,77
126,141
19,15
170,184
230,235
174,74
12,12
210,256
107,249
140,197
107,20
198,138
151,26
51,88
202,257
269,18
155,182
7,18
26,31
67,69
158,187
278,252
130,125
149,138
176,12
181,90
79,79
290,262
73,264
34,13
232,257
144,144
37,18
135,95
162,198
14,34
126,275
151,39
192,77
257,206
260,211
26,44
199,201
218,214
70,87
19,270
220,260
132,147
266,147
211,211
255,254
114,278
81,101
296,26
213,257
37,31
245,209
262,149
